9.207,302.970,0
10.975,302.465,0
9.899,301.805,0
6.932,302.058,0
5.641,302.047,0
6.334,304.431,0
4.746,309.221,0
4.059,313.544,0
5.295,317.565,0
6.037,321.564,0
5.911,325.245,0
4.609,328.129,0
2.807,328.079,0
2.906,327.327,0
5.581,322.756,0
9.899,312.940,0
12.546,306.079,0
14.227,298.828,0
14.480,292.681,0
13.771,288.754,0
13.535,285.760,0
14.211,286.046,0
13.585,291.253,0
12.997,301.718,0
11.085,310.380,0
9.465,314.522,0
5.087,319.801,0
1.917,322.542,0
0.989,322.872,0
1.214,316.978,0
3.027,305.173,0
4.955,293.939,0
4.021,286.210,0
1.884,279.404,0
0.363,274.883,0
1.511,274.202,0
3.170,275.521,0
4.427,279.728,0
6.564,287.188,0
7.899,294.697,0
8.344,300.778,0
9.272,304.552,0
10.536,304.893,0
10.964,305.442,0
11.629,307.260,0
12.272,308.842,0
13.315,310.106,0
14.062,310.078,0
14.738,309.496,0
15.425,309.337,-0.001
14.469,309.567,-0.001
14.030,310.182,-0.001
13.288,310.062,-0.001
12.085,309.078,-0.001
10.887,306.799,-0.002
9.849,301.333,-0.002
8.448,293.950,-0.002
7.207,289.902,-0.004
7.586,288.539,-0.006
8.388,292.830,-0.006
8.004,303.772,-0.006
6.191,313.885,-0.006
2.280,324.097,-0.007
-0.533,325.366,-0.007
-1.912,321.938,-0.007
3.543,310.880,-0.007
7.438,300.234,-0.009
9.904,292.456,-0.009
10.558,283.997,-0.009
9.976,276.740,-0.009
9.437,274.856,-0.01
9.899,278.476,-0.01
10.311,284.568,-0.01
9.113,291.654,-0.01
7.191,297.977,-0.01
6.432,302.025,-0.01
6.224,303.492,-0.01
5.581,304.876,-0.01
4.581,306.211,-0.011
4.098,307.557,-0.011
3.505,309.496,-0.012
1.884,312.748,-0.016
0.797,314.594,-0.018
3.054,310.814,-0.02
5.916,303.981,-0.022
7.273,296.812,-0.026
6.537,292.363,-0.028
5.630,291.149,-0.031
5.565,290.978,-0.035
5.916,292.083,-0.037
5.790,295.543,-0.035
6.196,301.069,-0.035
5.702,308.793,-0.035
3.153,317.895,-0.035
0.676,322.690,-0.035
0,325.410,-0.034
-1.038,327.914,-0.024
0.566,323.520,-0.015
3.988,312.209,0
6.982,306.112,0.018
8.174,301.805,0.038
9.272,298.394,0.05
10.404,295.307,0.056
10.124,291.830,0.056
9.888,288.506,0.056
10.596,289.819,0.056
11.113,296.395,0.056
8.580,306.810,0.056
5.301,316.077,0.057
3.087,321.350,0.057
3.235,324.465,0.059
7.712,322.701,0.059
13.738,319.169,0.059
19.166,316.967,0.066
22.434,315.934,0.067
25.488,317.120,0.07
28.641,318.554,0.077
32.706,319.927,0.087
38.188,320.988,0.099
43.215,321.092,0.105
44.758,319.691,0.106
44.193,319.427,0.111
43.484,317.939,0.117
43.478,316.945,0.127
44.225,316.796,0.128
45.978,317.164,0.128
47.422,317.637,0.128
48.658,319.016,0.128
49.570,320.295,0.128
49.686,320.262,0.128
50.098,320.076,0.128
50.411,320.043,0.128
51.059,320.169,0.128
51.773,319.482,0.13
52.696,319.043,0.137
53.212,319.356,0.144
53.311,319.845,0.148
53.361,319.559,0.152
53.547,319.966,0.154
53.311,321.465,0.158
53.619,322.015,0.16
53.690,321.724,0.164
53.564,320.707,0.166
53.509,320.224,0.169
53.130,319.982,0.169
53.009,320.669,0.171
53.580,321.696,0.175
54.218,322.070,0.177
54.767,321.625,0.177
54.838,321.998,0.177
54.619,321.855,0.177
54.888,320.696,0.177
55.179,321.691,0.177
55.228,322.465,0.177
54.926,323.009,0.177
54.459,324.108,0.177
54.706,323.465,0.177
54.844,323.817,0.177
54.465,322.987,0.177
53.932,321.866,0.177
53.333,320.339,0.177
53.278,319.702,0.177
53.438,319.592,0.187
53.339,319.268,0.199
52.943,318.702,0.21
52.427,317.917,0.216
52.366,317.379,0.224
52.548,316.906,0.236
52.927,316.577,0.244
53.322,316.489,0.248
53.641,316.263,0.254
53.740,316.428,0.262
53.685,316.714,0.264
53.795,317.076,0.264
53.987,317.488,0.264
53.959,318.104,0.264
53.882,318.554,0.264
53.844,318.724,0.264
53.723,318.499,0.265
53.641,318.175,0.268
53.712,317.928,0.268
53.641,317.983,0.268
53.454,318.197,0.268
53.234,318.345,0.268
53.207,318.494,0.267
53.218,318.466,0.267
53.344,318.417,0.267
53.273,318.477,0.267
53.245,318.351,0.269
53.410,318.450,0.286
53.498,318.867,0.295
53.553,319.010,0.295
53.652,318.994,0.298
53.679,319.109,0.306
53.646,318.983,0.309
53.734,318.823,0.313
53.740,318.735,0.318
53.707,318.856,0.324
53.734,318.983,0.324
53.635,319.224,0.323
53.602,319.367,0.323
53.685,319.477,0.323
53.740,319.565,0.323
53.690,319.482,0.323
53.553,319.400,0.323
53.459,319.406,0.323
53.525,319.345,0.323
53.613,319.098,0.323
53.542,319.016,0.323
53.465,319.296,0.33
53.328,319.510,0.34
53.190,319.477,0.347
53.135,319.592,0.356
53.113,319.757,0.367
52.938,319.944,0.375
52.531,319.746,0.385
52.438,319.774,0.394
52.559,319.922,0.402
52.696,320.109,0.407
52.756,320.021,0.412
52.597,319.246,0.421
49.883,316.758,0.425
48.323,314.720,0.428
45.527,311.045,0.429
38.447,309.084,0.429
29.449,306.041,0.429
24.417,300.987,0.429
19.050,298.493,0.429
11.338,297.751,0.429
2.203,297.565,0.429
-3.741,297.158,0.429
-7.042,297.065,0.43
-8.630,296.526,0.432
-8.822,296.043,0.439
-9.283,295.373,0.447
-9.569,294.697,0.457
-9.855,294.434,0.466
-9.701,294.197,0.473
-9.602,294.192,0.483
-10.756,294.197,0.495
-11.827,294.071,0.505
-11.547,293.895,0.511
-10.997,293.703,0.517
-11.074,293.445,0.517
-11.195,293.412,0.517
-11.376,293.390,0.518
-11.365,293.577,0.521
-11.146,293.599,0.526
-10.470,293.687,0.527
-10.080,293.670,0.527
-9.965,293.522,0.527
-9.086,292.791,0.527
-8.190,292.626,0.527
-7.839,292.451,0.527
-7.548,292.571,0.527
-7.158,292.939,0.527
-6.949,293.571,0.527
-7.202,293.829,0.527
-7.328,294.093,0.527
-7.515,294.181,0.527
-7.421,294.203,0.529
-7.383,294.203,0.537
-7.652,294.390,0.545
-8.069,294.576,0.548
-8.009,294.664,0.548
-7.531,294.884,0.548
-7.185,295.098,0.548
-7.284,295.104,0.548
-7.366,295.093,0.548
-7.355,295.247,0.548
-7.284,295.274,0.548
-7.086,295.285,0.548
-6.707,295.334,0.548
-6.432,295.356,0.548
-6.383,295.373,0.548
-6.306,295.620,0.548
-6.301,295.840,0.548
-6.180,296.032,0.548
-6.070,296.153,0.548
-5.927,296.191,0.548
-6.015,296.202,0.548
-6.026,296.191,0.548
-6.169,296.180,0.554
-6.422,296.246,0.565
-6.542,296.351,0.572
-6.614,296.345,0.576
-6.872,296.290,0.582
-7.311,296.115,0.589
-7.548,295.999,0.59
-7.597,295.724,0.59
-7.553,295.439,0.59
-7.608,294.917,0.59
-7.328,294.467,0.59
-7.317,294.521,0.59
-7.861,294.291,0.59
-8.108,293.862,0.59
-8.080,293.555,0.59
-8.251,293.269,0.59
-8.240,293.318,0.59
-8.086,293.412,0.59
-8.124,293.395,0.59
-8.174,293.335,0.59
-8.185,293.264,0.592
-8.240,293.291,0.597
-8.086,293.395,0.604
-7.998,293.450,0.615
-7.921,293.340,0.626
-7.954,293.269,0.633
-7.982,293.170,0.639
-8.042,293.104,0.644
-8.042,293.055,0.647
-7.756,293.148,0.649
-7.300,293.154,0.649
-6.779,292.341,0.649
-6.169,290.237,0.649
-6.075,287.941,0.649
-6.751,286.287,0.649
-7.586,284.865,0.649
-7.487,283.958,0.649
-7.383,282.508,0.656
-7.559,279.311,0.665
-7.366,275.878,0.669
-6.916,273.301,0.675
-6.328,271.719,0.685
-6.196,270.912,0.692
-5.713,269.214,0.697
-5.131,268.797,0.702
-4.927,268.429,0.705
-5.180,268.171,0.71
-5.081,267.869,0.715
-4.812,267.940,0.716
-4.384,267.495,0.716
-3.565,266.254,0.716
-2.796,265.023,0.716
-2.203,264.732,0.716
-1.807,264.468,0.716
-1.439,264.457,0.716
-0.555,264.930,0.716
1.143,266.034,0.716
3.752,268.544,0.716
6.240,271.324,0.716
9.097,275.356,0.716
10.173,278.185,0.716
10.745,278.685,0.716
11.656,277.284,0.716
13.019,277.575,0.73
13.661,278.443,0.737
13.574,278.998,0.746
13.151,279.190,0.754
12.706,278.652,0.759
12.838,279.174,0.762
12.964,279.300,0.77
13.293,278.915,0.78
13.409,278.822,0.784
13.381,278.970,0.784
13.931,280.245,0.784
14.513,281.519,0.784
15.051,283.354,0.784
15.178,284.222,0.784
14.562,284.200,0.784
14.332,283.848,0.784
14.453,283.387,0.784
14.409,282.728,0.784
14.216,281.541,0.784
14.491,280.887,0.784
14.507,281.470,0.784
14.359,281.959,0.784
14.073,282.030,0.784
13.815,281.124,0.784
13.755,279.783,0.784
14.057,279.575,0.797
14.354,279.789,0.807
14.370,279.811,0.814
14.337,279.641,0.823
14.189,279.130,0.826
14.222,279.036,0.826
14.244,279.124,0.826
14.200,279.360,0.826
13.942,279.591,0.826
13.694,279.509,0.826
13.612,279.437,0.826
13.585,279.553,0.826
13.656,279.926,0.826
13.799,280.085,0.826
13.854,280.228,0.826
13.865,280.393,0.826
13.848,280.349,0.826
13.931,280.426,0.828
14.612,280.574,0.83
14.958,280.849,0.834
14.919,281.277,0.842
15.040,281.376,0.847
15.255,281.486,0.848
15.491,281.750,0.848
15.754,282.283,0.85
15.958,282.612,0.85
16.150,282.788,0.85
16.199,282.881,0.85
16.068,282.799,0.85
16.024,282.728,0.85
16.018,282.601,0.85
15.974,282.524,0.85
15.980,282.750,0.85
16.018,282.766,0.85
15.881,282.739,0.851
15.776,282.574,0.862
15.875,282.497,0.877
15.848,282.458,0.884
15.837,282.629,0.89
15.903,282.678,0.896
15.941,282.662,0.901
15.925,282.750,0.901
15.996,282.733,0.901
16.122,282.689,0.901
16.166,282.722,0.901
16.271,282.816,0.901
16.370,282.865,0.901
16.353,282.788,0.901
16.381,282.810,0.901
16.463,283.002,0.901
16.463,283.024,0.901
16.469,282.914,0.901
16.518,282.953,0.901
16.512,283.156,0.901
16.414,283.326,0.91
16.447,283.683,0.924
16.331,284.304,0.935
16.133,285.513,0.944
16.002,289.072,0.946
15.650,295.615,0.954
15.271,301.630,0.961
15.178,304.376,0.965
14.914,307.458,0.965
14.837,312.418,0.965
14.046,318.312,0.965
13.491,324.624,0.965
12.645,333.973,0.965
13.409,344.202,0.965
14.068,351.903,0.965
13.716,355.748,0.965
12.805,357.957,0.965
13.727,359.506,0.965
15.255,3.796,0.965
11.816,7.009,0.976
5.867,7.976,0.987
2.060,9.069,0.996
-0.154,9.036,1.007
-3.422,10.151,1.02
-0.516,13.700,1.024
1.862,18.583,1.029
1.269,21.396,1.039
2.148,20.259,1.045
2.950,20.852,1.045
3.131,21.473,1.045
2.725,21.484,1.045
2.351,21.050,1.045
3.038,21.292,1.045
3.016,21.627,1.045
2.433,20.858,1.045
2.153,20.511,1.045
1.038,21.039,1.045
-0.797,21.121,1.045
-2.335,21.083,1.045
-2.571,21.220,1.045
-2.626,21.489,1.045
-2.697,21.583,1.045
-2.708,22.401,1.045
-2.933,23.143,1.045
-2.950,23.533,1.045
-2.823,23.165,1.045
-2.675,23.236,1.045
-2.878,22.978,1.045
-3.219,22.566,1.045
-3.494,22.648,1.045
-3.565,22.912,1.045
-3.730,22.736,1.045
-3.362,22.159,1.045
-2.939,21.962,1.045
-3.109,21.577,1.045
-3.214,21.649,1.045
-3.296,21.709,1.045
-3.296,21.357,1.045
-3.790,21.083,1.045
-3.878,21.066,1.045
-3.598,20.945,1.045
-3.625,20.588,1.045
-3.532,20.484,1.045
-3.532,20.451,1.045
-3.532,20.374,1.045
-3.532,20.627,1.045
-3.362,21.000,1.045
-3.543,20.682,1.045
-3.691,20.363,1.045
-3.527,20.418,1.045
-3.411,20.605,1.046
-3.400,20.786,1.066
-3.609,20.786,1.083
-3.510,20.770,1.093
-3.582,20.638,1.097
-3.554,20.665,1.098
-3.516,20.632,1.098
-3.455,20.610,1.099
-3.290,20.599,1.1
-3.131,20.544,1.1
-3.153,20.643,1.1
-3.274,20.621,1.1
-2.928,20.358,1.1
-2.802,20.314,1.1
-2.983,20.511,1.1
-2.911,20.572,1.1
-2.994,20.297,1.1
-2.966,20.160,1.1
-2.873,20.160,1.1
-2.862,20.099,1.108
-2.889,20.121,1.122
-2.961,20.039,1.136
-3.208,19.951,1.144
-3.389,19.814,1.152
-3.323,19.764,1.16
-3.395,19.611,1.165
-3.483,19.314,1.167
-3.439,19.292,1.167
-3.406,19.303,1.167
-3.406,19.270,1.167
-3.510,19.314,1.167
-3.120,18.737,1.167
-2.532,17.216,1.167
-2.736,16.699,1.167
-2.725,17.111,1.167
-3.290,17.309,1.167
-3.367,17.309,1.167
-3.334,17.155,1.17
-3.285,17.183,1.18
-3.356,17.194,1.189
-3.181,16.897,1.199
-3.098,16.732,1.21
-3.126,16.436,1.219
-2.977,15.623,1.222
-2.961,15.156,1.226
-3.120,15.634,1.229
-3.483,15.820,1.229
-3.653,15.326,1.229
-3.373,14.244,1.229
-3.301,13.744,1.229
-3.252,14.277,1.229
-3.620,14.925,1.229
-3.878,15.139,1.229
-3.450,14.123,1.229
-1.708,11.481,1.229
-1.214,7.262,1.229
-1.165,1.137,1.229
0.406,356.298,1.229
0.972,352.161,1.233
1.230,345.460,1.24
1.357,340.373,1.249
0.516,337.423,1.26
-1.890,335.572,1.267
-1.983,333.776,1.27
-0.412,332.122,1.273
0.604,331.628,1.273
1.302,331.194,1.274
1.241,331.359,1.275
0.654,331.721,1.276
0.978,331.694,1.276
0.406,331.600,1.276
-0.313,331.897,1.276
-0.324,332.073,1.276
0.198,331.990,1.276
-0.319,333.111,1.276
-0.093,333.743,1.276
-0.093,333.951,1.276
0.082,334.061,1.276
-0.159,334.232,1.276
-0.950,334.534,1.28
-1.417,334.297,1.292
-1.472,334.215,1.304
-1.269,334.424,1.317
-1.263,334.709,1.323
-1.148,334.748,1.324
-1.241,334.726,1.329
-1.302,334.742,1.334
-1.291,334.781,1.336
-1.362,334.907,1.337
-1.423,334.924,1.337
-1.692,335.105,1.337
-1.566,335.319,1.337
-1.599,335.391,1.337
-1.412,335.880,1.337
-1.357,336.088,1.337
-1.258,336.270,1.337
-1.335,336.193,1.337
-1.368,336.198,1.337
-1.313,336.231,1.337
-1.219,336.335,1.337
-1.115,336.495,1.337
-1.143,336.506,1.337
-1.132,336.379,1.337
-1.143,336.407,1.337
-1.121,336.511,1.337
-1.011,336.616,1.337
-1.000,336.846,1.337
-0.868,336.841,1.337
-0.681,336.687,1.341
-0.500,336.566,1.353
-0.643,336.577,1.367
-0.505,336.786,1.379
-0.428,336.808,1.384
-0.533,336.819,1.384
-0.533,336.599,1.384
-0.516,336.456,1.384
-0.670,336.539,1.384
-1.252,338.434,1.384
-3.961,341.559,1.384
-9.020,343.823,1.384
-14.854,343.740,1.384
-21.890,343.015,1.384
-27.394,342.087,1.384
-29.081,340.483,1.384
-31.080,338.467,1.384
-34.277,336.116,1.384
-34.387,336.445,1.384
-34.283,338.198,1.391
-34.744,337.692,1.407
-34.816,337.659,1.421
-34.574,338.214,1.428
-34.310,337.731,1.434
-33.942,337.813,1.438
-33.662,337.989,1.438
-33.536,337.753,1.438
-33.376,337.775,1.438
-33.096,337.280,1.438
-33.223,336.962,1.438
-32.827,337.170,1.438
-32.591,337.258,1.438
-32.607,337.055,1.438
-32.371,337.214,1.438
-32.223,337.209,1.439
-32.157,337.302,1.439
-32.080,337.126,1.454
-31.943,337.039,1.467
-31.740,337.192,1.482
-31.591,337.390,1.496
-31.531,337.577,1.515
-31.262,337.555,1.517
-31.311,337.577,1.52
-31.223,337.544,1.523
-30.905,337.637,1.523
-30.531,337.615,1.523
-30.394,337.659,1.523
-30.256,337.896,1.523
-29.987,337.983,1.523
-29.756,337.934,1.523
-29.674,337.956,1.523
-29.531,338.242,1.523
-29.449,338.368,1.523
-29.213,338.978,1.523
-29.141,339.208,1.523
-29.081,339.033,1.523
-28.949,338.923,1.523
-28.993,339.142,1.523
-28.982,339.230,1.523
-29.092,339.175,1.523
-29.053,339.104,1.523
-29.009,339.082,1.528
-28.976,339.109,1.54
-28.905,339.214,1.553
-28.773,339.214,1.56
-28.630,339.131,1.566
-28.658,339.164,1.568
-28.674,339.197,1.568
-28.553,339.170,1.568
-28.510,339.164,1.568
-28.510,339.214,1.568
-28.422,339.296,1.568
-28.411,339.434,1.568
-28.383,339.461,1.568
-28.334,339.395,1.568
-28.279,339.439,1.568
-28.218,339.532,1.568
-28.218,339.412,1.568
-28.169,339.307,1.568
-28.207,339.307,1.579
-28.147,339.329,1.594
-28.147,339.379,1.611
-28.136,339.406,1.623
-28.098,339.362,1.636
-28.043,339.230,1.642
-27.971,339.274,1.643
-28.037,339.280,1.643
-27.867,339.247,1.643
-27.845,339.362,1.643
-27.839,339.582,1.643
-27.762,339.461,1.643
-27.729,339.483,1.643
-27.784,339.423,1.643
-27.290,339.280,1.643
-26.142,339.000,1.666
-24.977,338.621,1.681
-24.780,338.467,1.696
-25.038,338.533,1.708
-24.983,338.791,1.72
-23.231,338.950,1.731
-17.820,339.736,1.74
-10.723,341.675,1.741
-4.477,341.971,1.741
1.093,341.845,1.741
9.432,341.988,1.741
19.232,339.077,1.741
25.637,336.237,1.741
27.444,336.907,1.741
31.119,337.198,1.741
35.200,336.599,1.741
36.837,335.825,1.743
37.617,337.242,1.762
38.606,336.149,1.775
39.342,333.831,1.782
39.018,333.073,1.792
38.249,332.688,1.807
37.870,333.424,1.823
38.145,334.764,1.83
38.480,335.341,1.835
38.853,335.676,1.835
38.990,336.127,1.835
39.062,336.627,1.835
38.952,336.945,1.835
38.787,337.072,1.835
38.738,337.703,1.835
37.919,338.544,1.835
37.332,338.774,1.835
36.497,338.967,1.844
35.409,339.417,1.856
35.024,339.763,1.868
34.744,339.933,1.881
34.871,339.846,1.899
35.162,339.554,1.913
35.189,339.351,1.917
35.283,339.109,1.918
35.381,338.884,1.922
35.596,338.654,1.927
35.447,338.615,1.928
35.392,338.708,1.929
35.266,338.670,1.929
35.228,338.571,1.929
35.140,338.269,1.929
35.063,338.016,1.929
34.958,337.923,1.929
34.909,337.863,1.929
34.893,337.819,1.929
34.805,337.846,1.929
34.948,337.791,1.929
34.871,337.764,1.929
34.920,337.681,1.929
34.953,337.637,1.929
34.904,337.555,1.929
35.024,337.440,1.929
35.024,337.489,1.929
35.002,337.434,1.94
34.997,337.335,1.957
34.948,337.220,1.969
34.942,337.137,1.982
34.860,337.006,1.998
34.689,336.918,2.005
34.799,336.731,2.006
34.684,336.671,2.006
34.640,336.627,2.006
34.519,336.687,2.006
34.464,336.687,2.006
34.453,336.676,2.006
34.557,336.605,2.006
34.700,336.698,2.006
34.662,337.121,2.006
34.552,337.566,2.006
34.607,337.983,2.006
34.656,338.214,2.006
34.766,338.297,2.015
34.893,338.373,2.032
34.920,338.412,2.055
34.969,338.417,2.077
35.035,338.472,2.094
35.134,338.681,2.095
35.074,338.917,2.095
35.101,338.857,2.095
35.101,338.736,2.095
35.134,338.665,2.095
35.013,338.846,2.095
35.052,339.131,2.095
35.118,339.186,2.095
35.074,339.126,2.095
35.112,338.961,2.111
34.953,338.725,2.131
34.794,338.478,2.152
34.590,338.176,2.165
33.646,337.044,2.178
32.003,335.330,2.182
29.773,331.562,2.186
26.917,323.679,2.186
23.242,314.764,2.186
20.341,307.793,2.186
18.435,302.651,2.186
16.804,298.339,2.186
15.974,294.670,2.186
15.947,292.341,2.186
16.100,291.769,2.186
16.139,292.555,2.186
15.947,293.807,2.186
15.381,295.197,2.2
15.276,296.603,2.218
15.145,297.087,2.237
15.315,297.290,2.254
15.084,297.252,2.269
15.172,297.230,2.278
15.403,297.230,2.281
15.546,297.279,2.281
15.694,297.323,2.281
15.809,297.389,2.281
15.870,297.389,2.281
15.826,297.455,2.281
15.919,297.543,2.281
16.089,297.713,2.281
16.282,297.889,2.281
16.293,298.141,2.281
16.221,298.218,2.281
16.452,298.328,2.291
16.512,298.455,2.306
16.683,298.504,2.314
16.880,298.455,2.315
17.040,298.367,2.32
17.249,298.416,2.331
17.254,298.691,2.337
17.260,298.773,2.337
17.199,298.773,2.337
17.166,298.790,2.337
17.177,298.746,2.337
17.166,298.856,2.337
17.298,298.922,2.337
17.402,299.103,2.337
17.391,299.361,2.337
17.303,299.476,2.337
17.281,299.405,2.337
17.309,299.295,2.337
17.358,299.174,2.337
17.380,299.240,2.353
17.303,299.553,2.374
17.320,299.762,2.396
17.320,299.773,2.424
17.292,299.740,2.446
17.249,299.751,2.458
17.243,299.806,2.463
17.309,299.800,2.463
17.347,299.921,2.463
17.309,300.020,2.463
17.347,300.004,2.463
17.397,299.976,2.463
17.188,300.004,2.463
17.067,299.949,2.463
17.034,299.949,2.463
16.913,299.965,2.463
16.820,299.756,2.463
16.864,299.542,2.463
16.913,299.603,2.463
16.908,299.855,2.479
16.870,299.927,2.501
16.787,299.811,2.51
16.754,299.751,2.517
16.677,299.927,2.523
16.644,300.015,2.524
16.727,299.943,2.524
16.683,299.938,2.524
16.606,299.910,2.524
16.512,299.888,2.524
16.304,299.921,2.524
15.941,300.081,2.524
15.557,300.179,2.524
14.963,300.460,2.531
13.661,301.432,2.551
11.640,303.486,2.573
9.937,306.947,2.599
8.800,312.160,2.617
5.411,319.796,2.628
2.406,324.910,2.638
1.879,328.052,2.644
4.136,329.963,2.645
3.131,332.611,2.645
1.291,335.341,2.645
1.208,337.857,2.645
0.807,338.681,2.645
0.714,337.912,2.645
0.857,336.945,2.645
1.093,336.259,2.645
1.417,335.907,2.647
1.511,335.907,2.659
1.214,336.335,2.691
1.192,336.720,2.722
1.148,336.764,2.756
1.165,336.616,2.775
1.230,336.522,2.786
1.318,336.506,2.789
1.351,336.544,2.789
1.445,336.451,2.789
1.829,336.693,2.789
1.582,337.006,2.789
1.258,337.110,2.789
1.714,337.214,2.789
2.021,337.236,2.789
1.818,337.308,2.789
1.917,337.478,2.789
1.912,337.654,2.789
1.961,337.846,2.789
1.967,337.956,2.791
2.142,337.934,2.811
2.214,337.791,2.812
2.335,337.846,2.812
2.318,337.967,2.812
2.362,338.016,2.812
2.444,337.983,2.812
2.499,338.000,2.812
2.587,337.983,2.812
2.571,337.945,2.812
2.543,337.824,2.812
2.642,337.824,2.812
2.565,337.852,2.812
2.417,337.857,2.812
2.499,337.830,2.812
2.516,337.917,2.812
2.477,337.989,2.824
2.499,338.005,2.845
2.565,337.950,2.862
2.560,337.934,2.883
2.593,337.890,2.899
2.648,337.890,2.905
2.648,337.747,2.914
2.686,337.769,2.916
2.593,338.005,2.916
2.543,338.077,2.916
2.582,337.967,2.916
2.598,337.769,2.916
2.483,337.725,2.916
2.324,337.879,2.916
2.280,338.104,2.916
2.219,338.170,2.916
2.313,338.154,2.933
2.313,338.143,2.958
2.346,338.099,2.979
2.357,338.055,2.999
2.417,338.049,3.017
2.368,338.060,3.032
2.313,337.868,3.033
2.241,337.720,3.033
2.324,337.527,3.033
2.285,337.527,3.033
2.164,337.555,3.033
2.241,337.621,3.033
2.186,337.945,3.033
2.131,338.110,3.033
2.291,338.280,3.033
2.241,338.324,3.033
2.269,338.264,3.033
2.346,338.242,3.053
2.384,338.291,3.079
2.422,338.209,3.104
2.554,338.115,3.122
2.565,338.264,3.136
2.576,338.340,3.152
2.697,338.313,3.159
2.961,338.456,3.159
3.137,338.835,3.159
3.219,338.972,3.159
3.109,338.791,3.159
3.257,338.478,3.159
4.180,338.450,3.159
4.763,343.411,3.159
4.559,355.594,3.159
2.736,4.993,3.159
0.088,6.844,3.159
-1.192,11.530,3.187
-0.972,17.254,3.215
-1.725,21.412,3.236
-2.906,24.247,3.242
-2.571,24.236,3.249
-2.697,23.516,3.267
-2.747,22.709,3.269
-3.214,22.313,3.269
-3.389,22.077,3.269
-3.840,21.539,3.269
-4.213,21.088,3.269
-4.378,20.638,3.269
-4.334,20.572,3.269
-4.164,21.275,3.269
-4.213,21.588,3.279
-4.103,21.671,3.309
-4.065,21.313,3.337
-4.037,21.077,3.369
-4.043,20.967,3.39
-3.961,20.847,3.407
-3.884,20.742,3.414
-4.120,20.698,3.414
-4.175,20.621,3.414
-4.120,20.599,3.414
-4.213,20.599,3.414
-4.224,20.550,3.414
-4.197,20.446,3.414
-4.202,20.325,3.414
-4.246,20.231,3.414
-4.219,20.078,3.414
-4.114,19.907,3.414
-4.175,19.902,3.414
-4.290,19.918,3.414
-4.312,19.885,3.414
-4.312,19.869,3.414
-39.304,358.467,3.414
-4.296,19.512,3.414
-4.471,19.534,3.414
-4.614,19.616,3.414
-4.730,19.682,3.414
-4.752,19.523,3.414
-4.598,19.308,3.443
-4.581,19.259,3.479
-4.548,19.292,3.506
-4.515,19.330,3.522
-4.543,19.182,3.533
-4.504,19.182,3.548
-4.581,19.111,3.555
-4.581,19.259,3.555
-4.757,19.512,3.555
-4.746,19.572,3.555
-4.911,19.462,3.555
-5.153,19.385,3.555
-5.240,19.550,3.555
-5.257,19.682,3.555
-5.301,19.484,3.555
-5.191,19.440,3.579
-5.142,19.341,3.603
-5.076,19.418,3.63
-5.125,19.363,3.652
-5.092,19.116,3.665
-5.043,18.891,3.676
-5.010,18.732,3.678
-4.779,18.534,3.678
-4.763,18.545,3.678
-4.839,18.479,3.678
-4.807,18.303,3.678
-4.872,18.309,3.678
-4.900,18.380,3.678
-4.878,18.435,3.678
-4.988,18.386,3.678
-4.922,18.314,3.678
-4.966,18.265,3.71
-4.971,18.270,3.733
-4.977,18.259,3.757
-4.971,18.193,3.778
-4.966,18.160,3.8
-4.988,18.122,3.817
-4.916,18.083,3.818
-4.960,18.062,3.818
-5.015,18.105,3.818
-5.065,18.062,3.818
-5.065,18.067,3.818
-5.164,18.078,3.818
-5.257,18.067,3.818
-5.229,17.946,3.818
-5.202,17.886,3.825
-5.323,17.908,3.864
-5.284,17.974,3.896
-5.279,17.996,3.923
-5.240,17.897,3.946
-5.246,17.814,3.965
-5.229,17.655,3.979
-5.191,17.435,3.983
-5.202,17.314,3.983
-5.208,17.281,3.983
-5.284,17.254,3.983
-5.367,17.331,3.983
-5.499,17.441,3.983
-5.652,17.468,3.983
-5.565,17.029,3.983
-5.449,16.529,3.984
-5.361,16.194,4.011
-5.317,16.073,4.051
-5.240,16.216,4.087
-5.175,16.155,4.121
-4.922,16.018,4.15
-4.735,15.798,4.17
-4.345,15.793,4.187
-3.845,15.804,4.194
-3.631,15.683,4.194
-3.538,15.101,4.194
-3.494,14.134,4.194
-3.367,13.843,4.194
-3.241,13.716,4.194
-3.356,13.733,4.194
-3.367,13.661,4.194
-3.483,13.727,4.194
-3.735,13.848,4.222
-3.834,14.041,4.253
-3.867,14.183,4.278
-3.999,14.035,4.302
-3.878,13.755,4.324
-3.834,13.640,4.339
-3.845,13.640,4.344
-3.730,13.579,4.344
-3.752,13.310,4.344
-3.658,13.008,4.344
-3.642,12.958,4.344
-3.521,12.975,4.344
-3.582,12.783,4.344
-3.444,12.700,4.344
-3.505,12.728,4.344
-3.455,12.920,4.344
-3.697,13.008,4.344
-3.609,13.030,4.37
-3.631,13.008,4.41
-3.631,13.019,4.444
-3.576,12.925,4.472
-3.604,12.953,4.485
-3.658,13.343,4.493
-3.680,13.403,4.499
-3.538,13.096,4.507
-3.252,12.008,4.513
-2.450,9.305,4.513
-1.044,2.186,4.513
0.165,354.694,4.513
0.906,348.184,4.513
1.016,344.191,4.513
1.126,340.955,4.513
1.071,338.346,4.513
1.318,337.780,4.513
1.917,338.071,4.542
1.604,338.813,4.565
1.670,339.428,4.581
1.434,339.582,4.597
1.263,339.351,4.615
1.011,339.291,4.637
0.648,338.824,4.655
0.610,338.643,4.669
0.516,338.604,4.674
0.406,338.566,4.674
0.478,338.643,4.674
0.500,338.796,4.674
0.571,338.890,4.674
0.670,339.011,4.674
0.786,339.027,4.674
0.698,339.093,4.694
0.939,339.241,4.737
0.945,339.307,4.765
1.176,339.598,4.785
1.005,339.802,4.802
0.906,339.703,4.818
0.813,339.791,4.835
1.132,339.966,4.844
1.154,340.153,4.847
1.165,339.961,4.847
1.675,339.736,4.847
1.758,339.681,4.847
1.714,339.609,4.847
1.555,339.587,4.847
1.247,339.615,4.847
1.796,339.549,4.847
2.802,339.197,4.847
3.345,338.698,4.848
3.439,337.890,4.875
3.241,337.066,4.896
3.043,336.671,4.911
3.032,336.605,4.924
3.010,336.956,4.93
3.087,337.313,4.934
3.175,337.626,4.943
2.774,337.912,4.946
2.538,337.747,4.95
2.933,337.341,4.952
3.148,336.912,4.957
3.126,337.214,4.961
3.016,338.055,4.963
2.362,338.774,4.968
1.642,339.066,4.969
0.862,339.373,4.971
0.368,339.423,4.973
0.253,339.510,4.973
0.873,339.977,4.973
1.038,339.747,4.973
1.434,338.824,4.973
1.104,338.198,4.973
0.994,338.022,4.973
1.434,338.027,4.973
1.719,338.055,4.973
1.708,338.011,4.973
1.401,337.819,4.973
1.417,337.615,4.973
1.620,337.560,4.973
1.752,337.868,4.973
1.549,338.011,4.973
1.143,337.5,4.973
1.000,337.247,4.973
0.632,337.445,4.973
0.423,337.676,4.973
0.511,337.412,4.973
0.632,336.835,4.973
0.895,336.182,4.973
0.994,336.039,4.973
0.939,336.154,4.973
0.994,336.176,4.973
1.192,336.050,4.973
1.390,336.006,4.973
1.373,336.028,4.973
1.467,335.929,4.973
1.516,335.967,4.973
1.428,336.121,4.973
1.637,336.302,4.973
1.582,336.401,4.973
1.593,336.352,4.973
1.631,336.143,4.973
1.648,336.022,4.973
1.714,335.918,4.973
1.857,335.775,4.973
1.697,335.781,4.973
1.791,335.891,4.973
1.664,336.017,4.973
1.747,336.193,4.973
1.763,336.209,4.973
1.774,336.308,4.973
1.840,336.242,4.973
1.890,336.127,4.973
1.934,336.099,4.973
1.939,336.099,4.973
1.989,336.149,4.973
2.049,336.319,4.973
1.945,336.363,4.973
1.967,336.412,4.973
1.989,336.429,4.973
1.939,336.506,4.973
1.884,336.451,4.973
1.923,336.248,4.973
1.945,336.099,4.973
2.115,335.792,4.973
2.346,335.616,4.973
2.466,335.479,4.973
2.906,335.099,4.973
3.104,334.880,4.973
3.235,334.841,4.973
3.400,334.764,4.973
3.604,334.495,4.973
3.895,334.050,4.973
3.911,333.990,4.973
4.691,333.605,4.973
5.251,332.935,4.973
5.565,331.710,4.973
5.164,330.386,4.973
4.417,329.832,4.973
4.224,329.881,4.973
3.939,330.667,4.973
3.867,331.188,4.973
3.488,331.567,4.973
3.345,331.870,4.973
4.054,332.435,4.973
5.356,332.661,4.973
6.185,333.237,4.973
6.713,333.864,4.973
7.520,333.962,4.973
7.712,334.061,4.973
7.641,333.836,4.973
8.031,333.188,4.973
8.679,332.743,4.973
9.981,332.836,4.973
11.162,333.018,4.973
11.667,332.628,4.973
11.887,329.496,4.973
11.673,325.096,4.973
11.431,319.636,4.967
11.212,315.203,4.962
10.640,311.396,4.962
9.619,308.227,4.961
8.558,306.925,4.958
9.316,306.639,4.951
9.734,306.112,4.94
10.206,306.096,4.925
10.948,306.502,4.914
11.646,306.887,4.908
12.288,307.557,4.903
12.469,308.617,4.897
12.541,309.402,4.891
12.821,309.380,4.884
13.046,309.754,4.878
13.063,310.188,4.873
13.107,310.688,4.87
13.189,310.589,4.864
13.200,310.660,4.853
13.244,311.567,4.84
13.101,314.061,4.831
12.744,316.642,4.826
12.480,319.202,4.819
12.579,322.570,4.814
12.585,325.948,4.813
12.343,328.672,4.813
11.684,331.320,4.813
11.190,333.842,4.813
10.778,336.297,4.813
10.596,335.737,4.813
10.723,333.671,4.813
11.041,331.392,4.813
11.602,330.991,4.813
11.547,332.095,4.813
10.849,335.627,4.813
8.498,340.796,4.813
5.944,343.564,4.812
5.460,342.109,4.803
6.136,335.781,4.775
6.932,329.002,4.753
7.405,321.713,4.735
6.542,317.455,4.705
4.279,313.572,4.688
0.544,312.012,4.674
-6.064,311.605,4.663
-9.163,313.237,4.631
-10.042,316.417,4.594
-13.337,321.482,4.589
-15.798,326.799,4.589
-16.359,328.645,4.589
-17.655,329.381,4.589
-18.325,330.090,4.589
-16.837,331.353,4.578
-16.979,331.578,4.528
-16.447,332.073,4.479
-16.046,330.864,4.444
-14.101,329.348,4.425
-12.118,329.117,4.399
-9.668,328.618,4.373
-3.109,327.195,4.363
3.840,324.833,4.363
7.339,320.773,4.363
8.240,315.780,4.363
9.597,311.534,4.363
10.020,306.848,4.363
10.217,303.915,4.353
10.047,304.008,4.328
10.036,305.151,4.307
10.261,306.491,4.279
10.272,307.271,4.263
10.322,307.798,4.246
10.173,308.914,4.229
9.492,310.441,4.229
8.432,312.490,4.229
6.636,313.962,4.229
5.175,316.263,4.229
3.499,320.515,4.229
3.483,326.755,4.229
3.345,332.485,4.229
1.609,339.719,4.229
0.577,348.613,4.229
-0.972,354.814,4.229
-2.016,357.885,4.22
-2.021,357.468,4.191
-1.884,356.177,4.154
-1.505,354.177,4.104
-1.752,348.382,4.056
-1.840,336.237,4.016
-0.725,322.515,4.007
1.950,310.968,4.007
3.768,303.827,4.007
4.351,303.316,4.007
3.785,304.525,4.007
3.224,306.502,4.007
3.115,307.337,4.007
3.411,308.782,4.007
3.164,308.331,4.007
2.664,307.430,4.007
2.763,307.480,4.004
3.268,314.517,3.952
4.697,321.257,3.902
4.614,327.508,3.872
3.713,336.160,3.857
2.939,343.564,3.851
-0.115,349.360,3.851
-3.126,356.347,3.851
-5.295,2.807,3.851
-6.004,5.510,3.851
-6.927,1.225,3.851
-7.976,347.300,3.851
-7.625,337.599,3.851
-6.833,327.156,3.851
-4.653,317.131,3.85
-2.043,309.688,3.818
-0.313,304.014,3.757
0.851,302.075,3.686
3.488,303.470,3.639
5.581,306.431,3.639
-2.049,309.765,3.639
-9.619,313.962,3.639
-10.140,315.720,3.639
-13.145,316.901,3.639
-15.930,320.905,3.639
-19.215,327.865,3.611
-23.681,330.749,3.551
-26.005,330.364,3.529
-24.637,331.584,3.488
-23.242,331.655,3.458
-22.330,332.672,3.458
-21.044,333.699,3.458
-21.226,333.457,3.458
-21.138,333.287,3.458
-20.479,333.029,3.458
-19.314,332.210,3.458
-16.732,329.738,3.443
-9.838,321.982,3.414
-4.669,313.572,3.384
-4.230,306.865,3.359
-2.988,302.706,3.34
-2.692,301.635,3.322
-2.780,304.387,3.306
-2.263,309.183,3.292
0.456,318.312,3.29
5.361,329.057,3.284
10.536,333.138,3.269
12.552,334.067,3.26
14.233,332.562,3.259
16.210,332.408,3.259
13.337,338.500,3.259
4.411,347.915,3.259
1.445,353.743,3.259
1.846,357.067,3.259
1.950,355.155,3.259
3.455,349.008,3.259
5.460,341.565,3.259
5.658,333.781,3.259
4.779,324.031,3.259
4.059,313.808,3.238
2.681,309.144,3.181
1.840,308.518,3.106
0.764,306.991,3.064
0.736,306.700,3.057
0.604,306.129,3.057
-0.170,304.975,3.057
-0.956,304.014,3.057
-1.818,302.646,3.057
-2.593,301.300,3.057
-2.230,301.212,3.053
-0.824,307.650,3.009
0.654,316.868,2.947
1.236,324.965,2.895
1.917,334.803,2.886
1.016,347.492,2.886
-2.109,355.759,2.886
-3.702,357.111,2.886
-4.136,348.624,2.886
-5.482,332.485,2.886
-7.635,324.240,2.886
-11.173,322.163,2.886
-12.673,318.538,2.886
-9.992,312.913,2.884
-6.257,306.552,2.866
-4.378,300.240,2.812
-4.570,298.262,2.749
-4.653,299.883,2.699
-5.147,301.267,2.699
-4.988,302.201,2.699
-4.900,302.388,2.699
-4.861,302.327,2.699
-4.746,302.465,2.699
-4.982,303.069,2.641
-5.696,304.189,2.57
-6.064,304.783,2.495
-6.097,305.684,2.472
-4.213,307.722,2.472
0.736,311.034,2.472
6.328,315.077,2.471
12.041,322.657,2.471
12.958,333.885,2.471
10.767,342.795,2.438
8.575,351.008,2.362
6.960,357.715,2.289
6.806,1.137,2.259
13.184,356.221,2.26
23.203,350.782,2.26
28.801,347.778,2.26
33.223,344.526,2.26
38.304,341.752,2.26
43.055,341.450,2.26
45.027,341.790,2.26
46.000,341.790,2.26
46.044,341.049,2.26
46.170,341.208,2.26
47.060,341.884,2.257
47.444,342.433,2.147
47.230,343.004,2.039
46.324,343.169,1.991
43.319,342.812,1.991
34.711,341.741,1.991
18.984,340.642,1.991
0.895,338.813,1.979
-16.309,336.725,1.836
-22.983,338.692,1.72
-20.951,341.076,1.691
-20.314,340.433,1.691
-19.792,340.400,1.691
-19.501,340.648,1.691
-18.787,340.247,1.691
-17.886,339.445,1.691
-17.573,338.231,1.691
-16.606,337.396,1.691
-15.881,336.841,1.691
-15.007,336.423,1.691
-13.618,334.204,1.691
-10.959,326.997,1.691
-5.251,321.801,1.691
6.537,319.911,1.691
15.441,318.049,1.674
19.155,317.576,1.586
25.351,319.329,1.493
30.311,320.191,1.476
31.223,321.663,1.476
31.426,322.690,1.476
31.058,322.855,1.476
30.932,322.762,1.476
30.800,322.553,1.474
30.575,322.377,1.474
30.229,322.520,1.474
29.713,323.026,1.474
29.229,323.613,1.474
27.713,324.174,1.474
22.917,323.135,1.472
18.539,316.862,1.423
14.606,308.414,1.364
11.475,305.859,1.279
9.937,302.338,1.26
8.833,301.915,1.26
9.641,306.996,1.26
13.156,316.165,1.259
15.936,324.597,1.251
14.925,332.463,1.144
12.305,341.938,1.075
8.718,349.865,1.062
5.850,352.277,1.064
5.652,351.722,1.064
5.784,352.068,1.064
5.867,351.656,1.064
5.784,351.491,1.064
5.790,351.216,1.055
5.894,350.546,0.921
6.921,350.024,0.87
7.130,348.959,0.869
7.004,346.646,0.87
6.943,344.751,0.87
6.641,344.339,0.87
6.257,344.163,0.87
6.202,343.658,0.844
6.086,340.719,0.811
6.498,333.512,0.795
6.427,326.299,0.795
7.262,322.059,0.795
7.734,316.813,0.795
7.559,311.006,0.795
6.136,307.073,0.795
5.240,307.013,0.795
5.499,307.365,0.795
6.163,308.930,0.795
7.004,310.369,0.795
8.080,311.721,0.795
8.701,312.133,0.795
8.405,312.336,0.795
8.317,310.858,0.795
8.064,309.853,0.795
8.427,309.935,0.791
8.569,310.556,0.759
9.042,312.391,0.703
10.146,317.329,0.661
10.157,326.080,0.661
9.146,335.039,0.661
7.377,344.053,0.661
5.240,353.287,0.661
2.928,358.445,0.661
1.373,358.544,0.66
0.989,358.599,0.653
0.989,358.242,0.631
1.340,357.627,0.61
2.142,355.787,0.581
2.939,352.859,0.564
4.318,347.360,0.559
5.427,339.274,0.543
5.389,330.831,0.526
5.933,323.207,0.512
6.894,316.115,0.499
6.938,313.566,0.487
6.592,313.336,0.46
6.174,314.335,0.46
6.361,315.654,0.46
6.927,315.857,0.46
7.416,315.643,0.46
7.487,315.703,0.46
7.438,316.082,0.46
7.427,316.599,0.433
7.515,316.752,0.385
7.625,316.901,0.337
7.614,317.115,0.313
7.630,317.296,0.314
7.773,317.439,0.314
7.844,317.686,0.314
7.866,318.060,0.314
7.756,318.329,0.314
7.718,318.609,0.296
7.652,318.752,0.229
7.570,318.851,0.197
7.520,318.900,0.186
7.476,318.955,0.186
7.427,319.076,0.186
7.421,319.164,0.186
7.465,319.208,0.17
7.542,319.246,0.16
7.454,319.334,0.149
7.542,319.395,0.127
7.575,319.455,0.115
7.548,319.581,0.115
7.559,319.686,0.112
7.548,319.719,0.104
7.482,319.702,0.086
7.383,319.746,0.081
7.256,319.724,0.079
7.196,319.587,0.067
7.240,319.598,0.054
7.191,319.779,0.054
7.191,319.834,0.054
7.213,319.807,0.054
7.295,319.828,0.054
7.465,319.812,0.054
7.449,319.713,0.054
7.465,319.883,0.054
7.515,319.955,0.054
7.575,319.949,0.053
7.586,320.048,0.051
7.542,320.142,0.05
7.581,320.098,0.05
7.575,320.164,0.05
7.531,320.290,0.049
7.570,320.471,0.049
7.537,320.680,0.049
7.504,320.433,0.049
7.394,320.328,0.049
7.114,320.460,0.049
6.713,320.696,0.049
7.015,320.784,0.049
5.861,321.652,0.049
4.883,322.971,0.048
3.713,323.317,0.048
1.868,322.245,0.048
0.566,322.224,0.048
-1.379,321.987,0.048
-1.055,321.680,0.048
-0.676,320.620,0.048
-2.379,318.411,0.046
-2.126,319.889,0.046
-1.901,321.460,0.046
-2.681,321.273,0.046
-2.697,320.784,0.046
-2.587,320.565,0.046
-1.274,320.977,0.045
-1.165,320.389,0.045
-0.654,320.548,0.045
-0.319,320.229,0.045
-0.434,320.197,0.044
-0.923,320.125,0.044
-0.884,320.142,0.044
-0.873,320.153,0.044
-0.857,320.175,0.044
-0.846,320.175,0.044
-0.840,320.180,0.044
-0.835,320.180,0.044
-0.829,320.186,0.044
-0.829,320.186,0.044
-0.824,320.186,0.044
-0.824,320.186,0.044
-0.818,320.186,0.044
-0.818,320.186,0.044
-0.818,320.186,0.044
-0.813,320.191,0.044
-0.813,320.191,0.044
-0.813,320.191,0.044
-0.813,320.191,0.044
-0.807,320.191,0.044
-0.807,320.191,0.044
-0.807,320.191,0.044
-0.807,320.191,0.044
-0.802,320.191,0.044
-0.802,320.191,0.044
-0.802,320.191,0.044
-0.802,320.191,0.044
-0.797,320.191,0.044
-0.797,320.191,0.044
-0.797,320.191,0.044
-0.791,320.191,0.044
-0.791,320.191,0.044
-0.791,320.191,0.044
-0.791,320.191,0.044
-0.791,320.191,0.044
-0.786,320.191,0.044
-0.791,320.191,0.044
-0.791,320.191,0.044
-0.791,320.191,0.044
-0.786,320.197,0.044
-0.786,320.197,0.044
-0.786,320.191,0.044
-0.786,320.197,0.044
-0.780,320.197,0.044
-0.780,320.191,0.044
-0.780,320.197,0.044
-0.780,320.197,0.044
-0.780,320.197,0.044
-0.780,320.197,0.044
-0.780,320.197,0.044
-0.775,320.197,0.044
-0.775,320.197,0.044
-0.775,320.197,0.044
-0.775,320.197,0.044
-0.769,320.197,0.044
-0.769,320.197,0.044
-0.769,320.197,0.044
-0.769,320.197,0.044
-0.769,320.197,0.044
-0.769,320.197,0.044
-0.769,320.197,0.044
-0.764,320.197,0.044
-0.769,320.197,0.044
-0.764,320.197,0.044
-0.764,320.197,0.044
-0.764,320.197,0.044
-0.764,320.197,0.044
-0.764,320.197,0.044
-0.764,320.197,0.044
-0.764,320.197,0.044
-0.764,320.197,0.044
-0.764,320.197,0.044
-0.764,320.197,0.044
-0.764,320.197,0.044
-0.758,320.197,0.044
-0.758,320.197,0.044
-0.758,320.197,0.044
-0.764,320.197,0.044
-0.758,320.197,0.044
-0.764,320.197,0.044
-0.758,320.197,0.044
-0.764,320.197,0.044
-0.764,320.197,0.044
-0.764,320.197,0.044
-0.764,320.197,0.044
-0.764,320.197,0.044
-0.764,320.197,0.044
-0.764,320.197,0.044
-0.764,320.197,0.044
-0.764,320.197,0.044
-0.764,320.197,0.044
-0.758,320.197,0.044
-0.758,320.197,0.044
-0.758,320.197,0.044
-0.758,320.197,0.044
-0.758,320.197,0.044
-0.758,320.197,0.044
-0.758,320.197,0.044
-0.758,320.197,0.044
-0.758,320.197,0.044
-0.758,320.197,0.044
-0.758,320.197,0.044
-0.758,320.197,0.044
-0.758,320.202,0.044
-0.758,320.197,0.044
-0.758,320.197,0.044
-0.758,320.197,0.044
-0.758,320.197,0.044
-0.758,320.197,0.044
-0.758,320.197,0.044
-0.758,320.197,0.044
-0.758,320.197,0.044
-0.758,320.197,0.044
-0.758,320.197,0.044
-0.758,320.197,0.044
-0.758,320.197,0.044
-0.758,320.197,0.044
-0.758,320.197,0.044
-0.753,320.197,0.044
-0.753,320.197,0.044
-0.753,320.197,0.044
-0.753,320.202,0.044
-0.753,320.197,0.044
-0.753,320.202,0.044
-0.753,320.197,0.044
-0.753,320.202,0.044
